3
4
7
8
10
11
13
14
18
19
21
22
23
24
26
27
29
30
31
32
33
34
35
36
37
38
39
41
42
43
44
45
46
47
48
49
50
51
52
53
54
55
56
57
58
59
60
60old
61
62
64
65
66
68
69
70
72
73
74
75
76
77
78
80
81
82
83
86
86old
87
89
90
91
92
93
94
95
95old
96
97
98
99
100
101
102
104
105
107
112
114
115
116
117
119
120
121
122
123
124
125
127
129
130
131
132
133
134
135
136
137
138
139
140
142
145
146
147
148
151
153
154
155
158
160
160test
162
164
168
169
172
173
178
179
181
182
183
185
187
188
189
190
191
193
201
203
203new
204
205
206
207
211
213
214
216
218
219
225
231
234
235
240
243
249
250
254
258
265
267
268
273
274
277
278
281
282
283
284
284old
285
286
287
290
297
301
303
306
317
320
323
328
329
345
346
347
348
349
351
356
357
371
381
387
401
407
418
421
423
425
429
430
432
433
