 8
 10
 11
 13
 14
 18
 19
 21
 22
 23
 24
 26
 27
 29
 30
 31
 32
 33
 34
 35
 36
 37
 38
 39
 41
 42
 43
 44
 45
 46
 47
 48
 49
 50
 51
 52
 53
 54
 55
 56
 57
 58
 59
 60
 61
 62
 64
 65
 66
 68
 69
 70
 72
 73
 74
 75
 76
 77
 78
 80
 81
 82
 83
 86
 87
 89
 90
 91
 92
 93
 94
 95
 97
 99
 100
 101
 102
 107
 112
 114
 115
 116
 117
 119
 120
 121
 123
 124
 125
 127
 129
 130
 131
 132
 133
 134
 135
 136
 137
 138
 139
 140
 145
 146
 151
 155
 158
 160test
 162
 164
 169
 172
 173
 178
 179
 181
 182
 183
 187
 188
 190
 191
 193
 201
 203
 204
 205
 206
 207
 211
 214
 216
 218
 219
 225
 231
 234
 235
 243
 249
 250
 265
 267
 273
 274
 277
 278
 284
 286
 297
 301
 323
 345
 346
 347
 348
 351
 357
 371
 381
 387
 407
 421
 423
 425
 429
